sample1	sample2	chr	start	end	different	Nsnp
PH0047-Cx	PH0051-Cx	1	92914	575873	1	4273
PH0047-Cx	PH0051-Cx	2	106099	839251	1	5782
PH0047-Cx	PH0051-Cx	2	839335	843295	0	93
PH0047-Cx	PH0051-Cx	2	843506	845721	1	48
PH0047-Cx	PH0051-Cx	2	845796	847713	0	43
PH0047-Cx	PH0051-Cx	2	847927	862490	1	350
PH0047-Cx	PH0051-Cx	3	70833	1003043	1	7566
PH0047-Cx	PH0055-C	1	92914	575873	1	4273
PH0047-Cx	PH0055-C	2	106099	862490	1	6316
PH0047-Cx	PH0055-C	3	70833	1003043	1	7566
PH0047-Cx	PH0057-C	1	92914	575873	1	4273
PH0047-Cx	PH0057-C	2	106099	862490	1	6316
PH0047-Cx	PH0057-C	3	70833	1003043	1	7566
PH0047-Cx	PH0059-C	1	92914	575873	1	4273
PH0047-Cx	PH0059-C	2	106099	862490	1	6316
PH0047-Cx	PH0059-C	3	70833	704788	1	5181
PH0047-Cx	PH0059-C	3	705277	886267	0	1287
PH0047-Cx	PH0059-C	3	886714	1003043	1	1098
PH0047-Cx	PH0060-C	1	92914	575873	1	4273
PH0047-Cx	PH0060-C	2	106099	862490	1	6316
PH0047-Cx	PH0060-C	3	70833	1003043	1	7566
PH0047-Cx	PH0064-C	1	92914	575873	1	4273
PH0047-Cx	PH0064-C	2	106099	862490	1	6316
PH0047-Cx	PH0064-C	3	70833	1003043	1	7566
PH0047-Cx	PH0163-C	1	92914	575873	1	4273
PH0047-Cx	PH0163-C	2	106099	862490	1	6316
PH0047-Cx	PH0163-C	3	70833	1003043	1	7566
PH0047-Cx	PH0167-C	1	92914	575873	1	4273
PH0047-Cx	PH0167-C	2	106099	862490	1	6316
PH0047-Cx	PH0167-C	3	70833	1003043	1	7566
PH0047-Cx	PH0171-C	1	92914	575873	1	4273
PH0047-Cx	PH0171-C	2	106099	862490	1	6316
PH0047-Cx	PH0171-C	3	70833	122105	1	627
PH0047-Cx	PH0171-C	3	122345	140790	0	129
PH0047-Cx	PH0171-C	3	140914	1003043	1	6810
PH0051-Cx	PH0055-C	1	92914	575873	1	4273
PH0051-Cx	PH0055-C	2	106099	862490	1	6316
PH0051-Cx	PH0055-C	3	70833	1003043	1	7566
PH0051-Cx	PH0057-C	1	92914	558335	0	3901
PH0051-Cx	PH0057-C	1	559046	575873	1	372
PH0051-Cx	PH0057-C	2	106099	862490	1	6316
PH0051-Cx	PH0057-C	3	70833	1003043	0	7566
PH0051-Cx	PH0059-C	1	92914	575873	1	4273
PH0051-Cx	PH0059-C	2	106099	862490	1	6316
PH0051-Cx	PH0059-C	3	70833	1003043	1	7566
PH0051-Cx	PH0060-C	1	92914	575873	1	4273
PH0051-Cx	PH0060-C	2	106099	862490	1	6316
PH0051-Cx	PH0060-C	3	70833	1003043	1	7566
PH0051-Cx	PH0064-C	1	92914	575873	1	4273
PH0051-Cx	PH0064-C	2	106099	862490	1	6316
PH0051-Cx	PH0064-C	3	70833	1003043	1	7566
PH0051-Cx	PH0163-C	1	92914	575873	1	4273
PH0051-Cx	PH0163-C	2	106099	862490	1	6316
PH0051-Cx	PH0163-C	3	70833	208125	1	1455
PH0051-Cx	PH0163-C	3	208963	338675	0	1130
PH0051-Cx	PH0163-C	3	339638	1003043	1	4981
PH0051-Cx	PH0167-C	1	92914	575873	1	4273
PH0051-Cx	PH0167-C	2	106099	862490	1	6316
PH0051-Cx	PH0167-C	3	70833	208125	1	1455
PH0051-Cx	PH0167-C	3	208963	338675	0	1130
PH0051-Cx	PH0167-C	3	339638	1003043	1	4981
PH0051-Cx	PH0171-C	1	92914	174105	1	801
PH0051-Cx	PH0171-C	1	174777	184680	0	130
PH0051-Cx	PH0171-C	1	185407	487895	1	1990
PH0051-Cx	PH0171-C	1	488448	499969	0	174
PH0051-Cx	PH0171-C	1	500067	575873	1	1178
PH0051-Cx	PH0171-C	2	106099	862490	1	6316
PH0051-Cx	PH0171-C	3	70833	1003043	1	7566
PH0055-C	PH0057-C	1	92914	575873	1	4273
PH0055-C	PH0057-C	2	106099	862490	1	6316
PH0055-C	PH0057-C	3	70833	1003043	1	7566
PH0055-C	PH0059-C	1	92914	575873	1	4273
PH0055-C	PH0059-C	2	106099	862490	1	6316
PH0055-C	PH0059-C	3	70833	96841	1	301
PH0055-C	PH0059-C	3	97361	167933	0	757
PH0055-C	PH0059-C	3	168130	1003043	1	6508
PH0055-C	PH0060-C	1	92914	482511	1	2889
PH0055-C	PH0060-C	1	483224	497141	0	152
PH0055-C	PH0060-C	1	497221	575873	1	1232
PH0055-C	PH0060-C	2	106099	862490	1	6316
PH0055-C	PH0060-C	3	70833	1003043	1	7566
PH0055-C	PH0064-C	1	92914	575873	1	4273
PH0055-C	PH0064-C	2	106099	862490	1	6316
PH0055-C	PH0064-C	3	70833	267047	1	1988
PH0055-C	PH0064-C	3	267731	288750	0	197
PH0055-C	PH0064-C	3	289287	1003043	1	5381
PH0055-C	PH0163-C	1	92914	575873	1	4273
PH0055-C	PH0163-C	2	106099	862490	1	6316
PH0055-C	PH0163-C	3	70833	1003043	1	7566
PH0055-C	PH0167-C	1	92914	575873	1	4273
PH0055-C	PH0167-C	2	106099	862490	1	6316
PH0055-C	PH0167-C	3	70833	1003043	1	7566
PH0055-C	PH0171-C	1	92914	203346	1	1089
PH0055-C	PH0171-C	1	204260	309963	0	804
PH0055-C	PH0171-C	1	311701	575873	1	2380
PH0055-C	PH0171-C	2	106099	862490	1	6316
PH0055-C	PH0171-C	3	70833	592706	1	4478
PH0055-C	PH0171-C	3	593330	638492	0	256
PH0055-C	PH0171-C	3	639045	1003043	1	2832
PH0057-C	PH0059-C	1	92914	575873	1	4273
PH0057-C	PH0059-C	2	106099	862490	1	6316
PH0057-C	PH0059-C	3	70833	1003043	1	7566
PH0057-C	PH0060-C	1	92914	575873	1	4273
PH0057-C	PH0060-C	2	106099	862490	1	6316
PH0057-C	PH0060-C	3	70833	1003043	1	7566
PH0057-C	PH0064-C	1	92914	575873	1	4273
PH0057-C	PH0064-C	2	106099	862490	1	6316
PH0057-C	PH0064-C	3	70833	1003043	1	7566
PH0057-C	PH0163-C	1	92914	575873	1	4273
PH0057-C	PH0163-C	2	106099	862490	1	6316
PH0057-C	PH0163-C	3	70833	208125	1	1455
PH0057-C	PH0163-C	3	208963	338675	0	1130
PH0057-C	PH0163-C	3	339638	1003043	1	4981
PH0057-C	PH0167-C	1	92914	575873	1	4273
PH0057-C	PH0167-C	2	106099	862490	1	6316
PH0057-C	PH0167-C	3	70833	208125	1	1455
PH0057-C	PH0167-C	3	208963	338675	0	1130
PH0057-C	PH0167-C	3	339638	1003043	1	4981
PH0057-C	PH0171-C	1	92914	174105	1	801
PH0057-C	PH0171-C	1	174777	184680	0	130
PH0057-C	PH0171-C	1	185407	487895	1	1990
PH0057-C	PH0171-C	1	488448	499969	0	174
PH0057-C	PH0171-C	1	500067	575873	1	1178
PH0057-C	PH0171-C	2	106099	862490	1	6316
PH0057-C	PH0171-C	3	70833	1003043	1	7566
PH0059-C	PH0060-C	1	92914	575873	1	4273
PH0059-C	PH0060-C	2	106099	862490	1	6316
PH0059-C	PH0060-C	3	70833	1003043	1	7566
PH0059-C	PH0064-C	1	92914	575873	1	4273
PH0059-C	PH0064-C	2	106099	862490	1	6316
PH0059-C	PH0064-C	3	70833	1003043	1	7566
PH0059-C	PH0163-C	1	92914	174105	1	801
PH0059-C	PH0163-C	1	174777	195103	0	221
PH0059-C	PH0163-C	1	195732	575873	1	3251
PH0059-C	PH0163-C	2	106099	862490	1	6316
PH0059-C	PH0163-C	3	70833	1003043	1	7566
PH0059-C	PH0167-C	1	92914	174105	1	801
PH0059-C	PH0167-C	1	174777	195103	0	221
PH0059-C	PH0167-C	1	195732	575873	1	3251
PH0059-C	PH0167-C	2	106099	862490	1	6316
PH0059-C	PH0167-C	3	70833	1003043	1	7566
PH0059-C	PH0171-C	1	92914	575873	1	4273
PH0059-C	PH0171-C	2	106099	862490	1	6316
PH0059-C	PH0171-C	3	70833	1003043	1	7566
PH0060-C	PH0064-C	1	92914	512572	1	3247
PH0060-C	PH0064-C	1	512627	520958	0	168
PH0060-C	PH0064-C	1	521471	575873	1	858
PH0060-C	PH0064-C	2	106099	840733	1	5808
PH0060-C	PH0064-C	2	840830	845549	0	110
PH0060-C	PH0064-C	2	845624	862490	1	398
PH0060-C	PH0064-C	3	70833	1003043	1	7566
PH0060-C	PH0163-C	1	92914	575873	1	4273
PH0060-C	PH0163-C	2	106099	862490	1	6316
PH0060-C	PH0163-C	3	70833	1003043	1	7566
PH0060-C	PH0167-C	1	92914	575873	1	4273
PH0060-C	PH0167-C	2	106099	862490	1	6316
PH0060-C	PH0167-C	3	70833	1003043	1	7566
PH0060-C	PH0171-C	1	92914	575873	1	4273
PH0060-C	PH0171-C	2	106099	846509	1	5940
PH0060-C	PH0171-C	2	846604	849937	0	83
PH0060-C	PH0171-C	2	850056	862490	1	293
PH0060-C	PH0171-C	3	70833	1003043	1	7566
PH0064-C	PH0163-C	1	92914	575873	1	4273
PH0064-C	PH0163-C	2	106099	862490	1	6316
PH0064-C	PH0163-C	3	70833	1003043	1	7566
PH0064-C	PH0167-C	1	92914	575873	1	4273
PH0064-C	PH0167-C	2	106099	862490	1	6316
PH0064-C	PH0167-C	3	70833	1003043	1	7566
PH0064-C	PH0171-C	1	92914	522585	1	3422
PH0064-C	PH0171-C	1	522794	531563	0	176
PH0064-C	PH0171-C	1	531652	575873	1	675
PH0064-C	PH0171-C	2	106099	862490	1	6316
PH0064-C	PH0171-C	3	70833	1003043	1	7566
PH0163-C	PH0167-C	1	92914	575873	0	4273
PH0163-C	PH0167-C	2	106099	862490	0	6316
PH0163-C	PH0167-C	3	70833	1003043	0	7566
PH0163-C	PH0171-C	1	92914	575873	1	4273
PH0163-C	PH0171-C	2	106099	862490	1	6316
PH0163-C	PH0171-C	3	70833	1003043	1	7566
PH0167-C	PH0171-C	1	92914	575873	1	4273
PH0167-C	PH0171-C	2	106099	862490	1	6316
PH0167-C	PH0171-C	3	70833	1003043	1	7566
