sample1	sample2	N_informative_sites	discordance	log_p	N_fit_iteration	N_generation	N_state_transition	seq_shared_best_traj	fract_sites_IBD	fract_vit_sites_IBD
PH0047-Cx	PF0008-C	990	0.9283	-2.44991e+03	5	400.634	10	0.00784	0.02796	0.01575
PH0047-Cx	PF0011-C	956	0.9153	-2.36266e+03	5	0.001	0	0.00000	0.00000	0.00000
PH0047-Cx	PF0020-C	1024	0.9209	-2.42755e+03	5	1340.236	4	0.00056	0.01240	0.00308
PH0047-Cx	PF0022-C	1003	0.9192	-2.47869e+03	5	605.489	4	0.00350	0.01552	0.00898
PH0047-Cx	PF0025-C	919	0.9402	-2.33085e+03	3	0.000	0	0.00000	0.00000	0.00000
PH0047-Cx	PF0028-C	930	0.9355	-2.28749e+03	4	0.000	0	0.00000	0.00000	0.00000
PH0047-Cx	PF0031-C	967	0.9266	-2.36935e+03	5	533.052	2	0.00070	0.01449	0.00353
PH0047-Cx	PF0032-C	724	0.9378	-1.78760e+03	3	0.000	0	0.00000	0.00000	0.00000
PH0047-Cx	PF0035-C	1048	0.9466	-2.49892e+03	3	0.000	0	0.00000	0.00000	0.00000
PH0047-Cx	PF0037-C	1036	0.9324	-2.49800e+03	4	0.001	0	0.00000	0.00000	0.00000
PH0051-Cx	PF0008-C	1027	0.9611	-2.11623e+03	3	0.000	0	0.00000	0.00000	0.00000
PH0051-Cx	PF0011-C	971	0.9156	-2.06653e+03	3	0.000	0	0.00000	0.00000	0.00000
PH0051-Cx	PF0020-C	1065	0.9540	-2.11244e+03	3	0.000	0	0.00000	0.00000	0.00000
PH0051-Cx	PF0022-C	1046	0.9426	-2.16550e+03	3	0.000	0	0.00000	0.00000	0.00000
PH0051-Cx	PF0025-C	951	0.9506	-2.05826e+03	3	0.000	0	0.00000	0.00000	0.00000
PH0051-Cx	PF0028-C	937	0.9328	-1.98335e+03	3	0.000	0	0.00000	0.00000	0.00000
PH0051-Cx	PF0031-C	995	0.9387	-2.08005e+03	5	0.023	0	0.00000	0.00000	0.00000
PH0051-Cx	PF0032-C	737	0.9417	-1.53660e+03	3	0.000	0	0.00000	0.00000	0.00000
PH0051-Cx	PF0035-C	1060	0.9519	-2.16689e+03	3	0.000	0	0.00000	0.00000	0.00000
PH0051-Cx	PF0037-C	1047	0.9351	-2.17347e+03	3	0.000	0	0.00000	0.00000	0.00000
PH0055-C	PF0008-C	1000	0.9600	-1.87474e+03	3	0.000	0	0.00000	0.00000	0.00000
PH0055-C	PF0011-C	962	0.9480	-1.82471e+03	2	0.000	0	0.00000	0.00000	0.00000
PH0055-C	PF0020-C	1041	0.9606	-1.88001e+03	2	0.000	0	0.00000	0.00000	0.00000
PH0055-C	PF0022-C	1030	0.9641	-1.91954e+03	3	0.000	0	0.00000	0.00000	0.00000
PH0055-C	PF0025-C	908	0.9482	-1.83649e+03	3	0.000	0	0.00000	0.00000	0.00000
PH0055-C	PF0028-C	933	0.9614	-1.75823e+03	3	0.000	0	0.00000	0.00000	0.00000
PH0055-C	PF0031-C	982	0.9562	-1.84808e+03	2	0.000	0	0.00000	0.00000	0.00000
PH0055-C	PF0032-C	747	0.9665	-1.35798e+03	3	0.000	0	0.00000	0.00000	0.00000
PH0055-C	PF0035-C	1008	0.9425	-1.91407e+03	3	0.000	0	0.00000	0.00000	0.00000
PH0055-C	PF0037-C	1026	0.9552	-1.91924e+03	3	0.000	0	0.00000	0.00000	0.00000
PH0057-C	PF0008-C	1006	0.9384	-2.19799e+03	3	0.000	0	0.00000	0.00000	0.00000
PH0057-C	PF0011-C	978	0.9274	-2.12946e+03	3	0.000	0	0.00000	0.00000	0.00000
PH0057-C	PF0020-C	1058	0.9471	-2.17845e+03	3	0.000	0	0.00000	0.00000	0.00000
PH0057-C	PF0022-C	1052	0.9496	-2.24821e+03	3	0.000	0	0.00000	0.00000	0.00000
PH0057-C	PF0025-C	952	0.9506	-2.11653e+03	3	0.000	0	0.00000	0.00000	0.00000
PH0057-C	PF0028-C	923	0.9133	-2.07893e+03	5	1009.974	6	0.00231	0.02175	0.00843
PH0057-C	PF0031-C	968	0.9143	-2.15326e+03	5	791.665	2	0.00091	0.01342	0.00264
PH0057-C	PF0032-C	742	0.9501	-1.61700e+03	3	0.000	0	0.00000	0.00000	0.00000
PH0057-C	PF0035-C	1051	0.9458	-2.24199e+03	3	0.000	0	0.00000	0.00000	0.00000
PH0057-C	PF0037-C	1040	0.9308	-2.24137e+03	5	749.469	2	0.00091	0.00562	0.00264
PH0059-C	PF0008-C	1038	0.9306	-2.38318e+03	3	0.000	0	0.00000	0.00000	0.00000
PH0059-C	PF0011-C	998	0.9259	-2.28280e+03	3	0.000	0	0.00000	0.00000	0.00000
PH0059-C	PF0020-C	1085	0.9401	-2.38055e+03	3	0.000	0	0.00000	0.00000	0.00000
PH0059-C	PF0022-C	1074	0.9376	-2.41961e+03	5	475.602	2	0.00155	0.01043	0.00424
PH0059-C	PF0025-C	943	0.9215	-2.27431e+03	5	0.012	0	0.00000	0.00000	0.00000
PH0059-C	PF0028-C	974	0.9394	-2.22918e+03	3	0.000	0	0.00000	0.00000	0.00000
PH0059-C	PF0031-C	1026	0.9405	-2.33631e+03	3	0.000	0	0.00000	0.00000	0.00000
PH0059-C	PF0032-C	783	0.9400	-1.78749e+03	3	0.000	0	0.00000	0.00000	0.00000
PH0059-C	PF0035-C	1070	0.9215	-2.43846e+03	3	0.000	0	0.00000	0.00000	0.00000
PH0059-C	PF0037-C	1089	0.9477	-2.42804e+03	3	0.000	0	0.00000	0.00000	0.00000
PH0060-C	PF0008-C	989	0.9373	-2.26563e+03	3	0.000	0	0.00000	0.00000	0.00000
PH0060-C	PF0011-C	933	0.9025	-2.19947e+03	3	0.000	0	0.00000	0.00000	0.00000
PH0060-C	PF0020-C	1010	0.9248	-2.25850e+03	5	0.000	0	0.00000	0.00000	0.00000
PH0060-C	PF0022-C	1017	0.9410	-2.30588e+03	5	1025.231	2	0.00103	0.00563	0.00314
PH0060-C	PF0025-C	909	0.9274	-2.20172e+03	4	0.000	0	0.00000	0.00000	0.00000
PH0060-C	PF0028-C	925	0.9351	-2.13869e+03	3	0.000	0	0.00000	0.00000	0.00000
PH0060-C	PF0031-C	951	0.9159	-2.23226e+03	5	915.394	0	0.00000	0.00025	0.00000
PH0060-C	PF0032-C	730	0.9589	-1.64995e+03	3	0.000	0	0.00000	0.00000	0.00000
PH0060-C	PF0035-C	1009	0.9286	-2.30614e+03	3	0.000	0	0.00000	0.00000	0.00000
PH0060-C	PF0037-C	1021	0.9324	-2.31470e+03	3	0.000	0	0.00000	0.00000	0.00000
PH0064-C	PF0008-C	1000	0.9430	-2.29395e+03	3	0.000	0	0.00000	0.00000	0.00000
PH0064-C	PF0011-C	961	0.9261	-2.21264e+03	3	0.000	0	0.00000	0.00000	0.00000
PH0064-C	PF0020-C	1026	0.9288	-2.28542e+03	4	0.000	0	0.00000	0.00000	0.00000
PH0064-C	PF0022-C	1016	0.9301	-2.33673e+03	3	0.000	0	0.00000	0.00000	0.00000
PH0064-C	PF0025-C	913	0.9321	-2.19800e+03	3	0.000	0	0.00000	0.00000	0.00000
PH0064-C	PF0028-C	921	0.9316	-2.14430e+03	3	0.000	0	0.00000	0.00000	0.00000
PH0064-C	PF0031-C	980	0.9367	-2.25675e+03	5	840.061	2	0.00053	0.00598	0.00270
PH0064-C	PF0032-C	706	0.9221	-1.66386e+03	3	0.000	0	0.00000	0.00000	0.00000
PH0064-C	PF0035-C	1001	0.9181	-2.32039e+03	3	0.000	0	0.00000	0.00000	0.00000
PH0064-C	PF0037-C	1023	0.9277	-2.34074e+03	3	0.000	0	0.00000	0.00000	0.00000
PH0163-C	PF0008-C	1024	0.9385	-2.45332e+03	3	0.000	0	0.00000	0.00000	0.00000
PH0163-C	PF0011-C	974	0.9045	-2.37057e+03	5	431.825	2	0.00240	0.01149	0.00556
PH0163-C	PF0020-C	1047	0.9169	-2.44481e+03	4	0.000	0	0.00000	0.00000	0.00000
PH0163-C	PF0022-C	1045	0.9292	-2.49931e+03	3	0.000	0	0.00000	0.00000	0.00000
PH0163-C	PF0025-C	943	0.9332	-2.35953e+03	5	0.002	0	0.00000	0.00000	0.00000
PH0163-C	PF0028-C	931	0.9108	-2.29971e+03	3	0.000	0	0.00000	0.00000	0.00000
PH0163-C	PF0031-C	994	0.9276	-2.40632e+03	3	0.000	0	0.00000	0.00000	0.00000
PH0163-C	PF0032-C	715	0.9119	-1.78987e+03	3	0.000	0	0.00000	0.00000	0.00000
PH0163-C	PF0035-C	1058	0.9301	-2.50444e+03	3	0.000	0	0.00000	0.00000	0.00000
PH0163-C	PF0037-C	1076	0.9387	-2.51205e+03	3	0.000	0	0.00000	0.00000	0.00000
PH0167-C	PF0008-C	1015	0.9379	-2.43678e+03	3	0.000	0	0.00000	0.00000	0.00000
PH0167-C	PF0011-C	968	0.9039	-2.35899e+03	5	432.661	2	0.00240	0.01148	0.00556
PH0167-C	PF0020-C	1041	0.9174	-2.43258e+03	4	0.000	0	0.00000	0.00000	0.00000
PH0167-C	PF0022-C	1036	0.9295	-2.48227e+03	3	0.000	0	0.00000	0.00000	0.00000
PH0167-C	PF0025-C	939	0.9329	-2.35268e+03	5	0.002	0	0.00000	0.00000	0.00000
PH0167-C	PF0028-C	925	0.9114	-2.28812e+03	3	0.000	0	0.00000	0.00000	0.00000
PH0167-C	PF0031-C	988	0.9271	-2.39352e+03	3	0.000	0	0.00000	0.00000	0.00000
PH0167-C	PF0032-C	710	0.9113	-1.77798e+03	3	0.000	0	0.00000	0.00000	0.00000
PH0167-C	PF0035-C	1050	0.9305	-2.48982e+03	3	0.000	0	0.00000	0.00000	0.00000
PH0167-C	PF0037-C	1067	0.9381	-2.49760e+03	3	0.000	0	0.00000	0.00000	0.00000
PH0171-C	PF0008-C	992	0.9395	-2.26208e+03	3	0.000	0	0.00000	0.00000	0.00000
PH0171-C	PF0011-C	951	0.9201	-2.18697e+03	3	0.000	0	0.00000	0.00000	0.00000
PH0171-C	PF0020-C	1026	0.9357	-2.25088e+03	3	0.000	0	0.00000	0.00000	0.00000
PH0171-C	PF0022-C	998	0.9168	-2.31295e+03	5	765.583	4	0.00203	0.01930	0.00567
PH0171-C	PF0025-C	894	0.9206	-2.16523e+03	4	0.000	0	0.00000	0.00000	0.00000
PH0171-C	PF0028-C	930	0.9387	-2.12264e+03	3	0.000	0	0.00000	0.00000	0.00000
PH0171-C	PF0031-C	975	0.9395	-2.22070e+03	3	0.000	0	0.00000	0.00000	0.00000
PH0171-C	PF0032-C	718	0.9220	-1.65412e+03	3	0.000	0	0.00000	0.00000	0.00000
PH0171-C	PF0035-C	1013	0.9250	-2.30888e+03	3	0.000	0	0.00000	0.00000	0.00000
PH0171-C	PF0037-C	1027	0.9396	-2.30432e+03	3	0.000	0	0.00000	0.00000	0.00000
