sample1	sample2	N_informative_sites	discordance	log_p	N_fit_iteration	N_generation	N_state_transition	seq_shared_best_traj	fract_sites_IBD	fract_vit_sites_IBD
PH0047-Cx	PF0008-C	989	0.9292	-2.11351e+03	5	389.316	8	0.00771	0.02386	0.01493
PH0047-Cx	PF0011-C	938	0.9328	-2.04940e+03	5	0.017	0	0.00000	0.00000	0.00000
PH0047-Cx	PF0020-C	1015	0.9291	-2.10504e+03	4	0.000	0	0.00000	0.00000	0.00000
PH0047-Cx	PF0022-C	992	0.9294	-2.14975e+03	5	267.062	2	0.00302	0.01570	0.00705
PH0047-Cx	PF0025-C	919	0.9402	-2.03243e+03	3	0.000	0	0.00000	0.00000	0.00000
PH0047-Cx	PF0028-C	921	0.9446	-1.97808e+03	5	190.323	0	0.00000	0.00040	0.00000
PH0047-Cx	PF0031-C	964	0.9295	-2.05289e+03	5	536.721	4	0.00174	0.01435	0.00534
PH0047-Cx	PF0032-C	716	0.9483	-1.52062e+03	2	0.618	0	0.00000	0.00000	0.00000
PH0047-Cx	PF0035-C	1043	0.9511	-2.16615e+03	3	0.000	0	0.00000	0.00000	0.00000
PH0047-Cx	PF0037-C	1037	0.9315	-2.16594e+03	5	0.005	0	0.00000	0.00000	0.00000
PH0051-Cx	PF0008-C	1027	0.9611	-1.88249e+03	3	0.000	0	0.00000	0.00000	0.00000
PH0051-Cx	PF0011-C	954	0.9319	-1.84511e+03	3	0.000	0	0.00000	0.00000	0.00000
PH0051-Cx	PF0020-C	1058	0.9603	-1.88641e+03	3	0.000	0	0.00000	0.00000	0.00000
PH0051-Cx	PF0022-C	1036	0.9517	-1.92886e+03	3	0.000	0	0.00000	0.00000	0.00000
PH0051-Cx	PF0025-C	952	0.9496	-1.84055e+03	3	0.000	0	0.00000	0.00000	0.00000
PH0051-Cx	PF0028-C	926	0.9438	-1.76277e+03	3	0.000	0	0.00000	0.00000	0.00000
PH0051-Cx	PF0031-C	992	0.9415	-1.85288e+03	5	0.011	0	0.00000	0.00000	0.00000
PH0051-Cx	PF0032-C	728	0.9533	-1.35363e+03	3	0.000	0	0.00000	0.00000	0.00000
PH0051-Cx	PF0035-C	1058	0.9537	-1.93474e+03	3	0.000	0	0.00000	0.00000	0.00000
PH0051-Cx	PF0037-C	1049	0.9333	-1.93817e+03	3	0.000	0	0.00000	0.00000	0.00000
PH0055-C	PF0008-C	1022	0.9393	-2.07276e+03	3	0.000	0	0.00000	0.00000	0.00000
PH0055-C	PF0011-C	967	0.9431	-2.01675e+03	3	0.000	0	0.00000	0.00000	0.00000
PH0055-C	PF0020-C	1056	0.9470	-2.07901e+03	2	0.000	0	0.00000	0.00000	0.00000
PH0055-C	PF0022-C	1043	0.9521	-2.11972e+03	3	0.000	0	0.00000	0.00000	0.00000
PH0055-C	PF0025-C	929	0.9268	-2.02500e+03	3	0.000	0	0.00000	0.00000	0.00000
PH0055-C	PF0028-C	946	0.9482	-1.95403e+03	3	0.000	0	0.00000	0.00000	0.00000
PH0055-C	PF0031-C	1002	0.9371	-2.04287e+03	2	0.000	0	0.00000	0.00000	0.00000
PH0055-C	PF0032-C	755	0.9563	-1.51646e+03	3	0.000	0	0.00000	0.00000	0.00000
PH0055-C	PF0035-C	1026	0.9259	-2.10873e+03	3	0.000	0	0.00000	0.00000	0.00000
PH0055-C	PF0037-C	1051	0.9324	-2.11971e+03	3	0.000	0	0.00000	0.00000	0.00000
PH0057-C	PF0008-C	1005	0.9393	-1.94803e+03	3	0.000	0	0.00000	0.00000	0.00000
PH0057-C	PF0011-C	961	0.9438	-1.89370e+03	3	0.000	0	0.00000	0.00000	0.00000
PH0057-C	PF0020-C	1050	0.9543	-1.93915e+03	3	0.000	0	0.00000	0.00000	0.00000
PH0057-C	PF0022-C	1042	0.9587	-1.99663e+03	3	0.000	0	0.00000	0.00000	0.00000
PH0057-C	PF0025-C	951	0.9516	-1.89162e+03	3	0.000	0	0.00000	0.00000	0.00000
PH0057-C	PF0028-C	914	0.9223	-1.82592e+03	5	926.020	6	0.00231	0.01928	0.00843
PH0057-C	PF0031-C	965	0.9171	-1.89559e+03	5	783.580	2	0.00091	0.01238	0.00264
PH0057-C	PF0032-C	734	0.9605	-1.40557e+03	3	0.000	0	0.00000	0.00000	0.00000
PH0057-C	PF0035-C	1048	0.9485	-1.99494e+03	3	0.000	0	0.00000	0.00000	0.00000
PH0057-C	PF0037-C	1040	0.9308	-1.97609e+03	5	742.186	2	0.00091	0.00540	0.00264
PH0059-C	PF0008-C	1041	0.9280	-2.08975e+03	3	0.000	0	0.00000	0.00000	0.00000
PH0059-C	PF0011-C	986	0.9371	-2.01005e+03	3	0.000	0	0.00000	0.00000	0.00000
PH0059-C	PF0020-C	1083	0.9418	-2.08853e+03	3	0.000	0	0.00000	0.00000	0.00000
PH0059-C	PF0022-C	1069	0.9420	-2.12856e+03	5	484.535	2	0.00155	0.00962	0.00424
PH0059-C	PF0025-C	946	0.9186	-2.01135e+03	5	0.203	0	0.00000	0.00000	0.00000
PH0059-C	PF0028-C	972	0.9414	-1.95731e+03	3	0.000	0	0.00000	0.00000	0.00000
PH0059-C	PF0031-C	1029	0.9378	-2.04761e+03	3	0.000	0	0.00000	0.00000	0.00000
PH0059-C	PF0032-C	776	0.9485	-1.54154e+03	3	0.000	0	0.00000	0.00000	0.00000
PH0059-C	PF0035-C	1071	0.9206	-2.14497e+03	3	0.000	0	0.00000	0.00000	0.00000
PH0059-C	PF0037-C	1096	0.9416	-2.13437e+03	3	0.000	0	0.00000	0.00000	0.00000
PH0060-C	PF0008-C	993	0.9335	-2.02049e+03	3	0.000	0	0.00000	0.00000	0.00000
PH0060-C	PF0011-C	922	0.9132	-1.96407e+03	3	0.000	0	0.00000	0.00000	0.00000
PH0060-C	PF0020-C	1007	0.9275	-2.01762e+03	3	0.000	0	0.00000	0.00000	0.00000
PH0060-C	PF0022-C	1013	0.9447	-2.06253e+03	4	0.000	0	0.00000	0.00000	0.00000
PH0060-C	PF0025-C	912	0.9243	-1.96786e+03	5	0.000	0	0.00000	0.00000	0.00000
PH0060-C	PF0028-C	923	0.9372	-1.90376e+03	3	0.000	0	0.00000	0.00000	0.00000
PH0060-C	PF0031-C	954	0.9130	-1.99210e+03	5	1078.165	0	0.00000	0.00519	0.00000
PH0060-C	PF0032-C	726	0.9642	-1.44772e+03	3	0.000	0	0.00000	0.00000	0.00000
PH0060-C	PF0035-C	1012	0.9259	-2.06336e+03	3	0.000	0	0.00000	0.00000	0.00000
PH0060-C	PF0037-C	1029	0.9252	-2.07040e+03	3	0.000	0	0.00000	0.00000	0.00000
PH0064-C	PF0008-C	993	0.9496	-2.00781e+03	3	0.000	0	0.00000	0.00000	0.00000
PH0064-C	PF0011-C	941	0.9458	-1.94445e+03	3	0.000	0	0.00000	0.00000	0.00000
PH0064-C	PF0020-C	1013	0.9408	-2.00977e+03	3	0.000	0	0.00000	0.00000	0.00000
PH0064-C	PF0022-C	999	0.9459	-2.05151e+03	3	0.000	0	0.00000	0.00000	0.00000
PH0064-C	PF0025-C	908	0.9372	-1.95106e+03	3	0.000	0	0.00000	0.00000	0.00000
PH0064-C	PF0028-C	908	0.9449	-1.88820e+03	3	0.000	0	0.00000	0.00000	0.00000
PH0064-C	PF0031-C	972	0.9444	-1.97847e+03	5	0.003	0	0.00000	0.00000	0.00000
PH0064-C	PF0032-C	694	0.9380	-1.44598e+03	3	0.000	0	0.00000	0.00000	0.00000
PH0064-C	PF0035-C	991	0.9273	-2.03911e+03	3	0.000	0	0.00000	0.00000	0.00000
PH0064-C	PF0037-C	1019	0.9313	-2.05707e+03	4	0.000	0	0.00000	0.00000	0.00000
PH0163-C	PF0008-C	1004	0.9572	-1.87714e+03	3	0.000	0	0.00000	0.00000	0.00000
PH0163-C	PF0011-C	938	0.9392	-1.82931e+03	5	340.383	2	0.00240	0.00754	0.00556
PH0163-C	PF0020-C	1021	0.9403	-1.87418e+03	3	0.000	0	0.00000	0.00000	0.00000
PH0163-C	PF0022-C	1016	0.9557	-1.92072e+03	3	0.000	0	0.00000	0.00000	0.00000
PH0163-C	PF0025-C	924	0.9524	-1.82574e+03	3	0.000	0	0.00000	0.00000	0.00000
PH0163-C	PF0028-C	906	0.9360	-1.75977e+03	3	0.000	0	0.00000	0.00000	0.00000
PH0163-C	PF0031-C	973	0.9476	-1.84746e+03	3	0.000	0	0.00000	0.00000	0.00000
PH0163-C	PF0032-C	692	0.9422	-1.34281e+03	3	0.000	0	0.00000	0.00000	0.00000
PH0163-C	PF0035-C	1035	0.9507	-1.93076e+03	3	0.000	0	0.00000	0.00000	0.00000
PH0163-C	PF0037-C	1060	0.9528	-1.93421e+03	3	0.000	0	0.00000	0.00000	0.00000
PH0167-C	PF0008-C	995	0.9568	-1.86206e+03	3	0.000	0	0.00000	0.00000	0.00000
PH0167-C	PF0011-C	932	0.9388	-1.81964e+03	5	340.817	2	0.00240	0.00754	0.00556
PH0167-C	PF0020-C	1015	0.9409	-1.86329e+03	3	0.000	0	0.00000	0.00000	0.00000
PH0167-C	PF0022-C	1007	0.9563	-1.90499e+03	3	0.000	0	0.00000	0.00000	0.00000
PH0167-C	PF0025-C	920	0.9522	-1.81951e+03	3	0.000	0	0.00000	0.00000	0.00000
PH0167-C	PF0028-C	900	0.9367	-1.74890e+03	3	0.000	0	0.00000	0.00000	0.00000
PH0167-C	PF0031-C	967	0.9473	-1.83598e+03	3	0.000	0	0.00000	0.00000	0.00000
PH0167-C	PF0032-C	687	0.9418	-1.33216e+03	3	0.000	0	0.00000	0.00000	0.00000
PH0167-C	PF0035-C	1027	0.9513	-1.91744e+03	3	0.000	0	0.00000	0.00000	0.00000
PH0167-C	PF0037-C	1051	0.9524	-1.92141e+03	3	0.000	0	0.00000	0.00000	0.00000
PH0171-C	PF0008-C	990	0.9414	-2.01645e+03	3	0.000	0	0.00000	0.00000	0.00000
PH0171-C	PF0011-C	933	0.9378	-1.95128e+03	3	0.000	0	0.00000	0.00000	0.00000
PH0171-C	PF0020-C	1018	0.9430	-2.01220e+03	3	0.000	0	0.00000	0.00000	0.00000
PH0171-C	PF0022-C	986	0.9280	-2.06010e+03	5	0.000	0	0.00000	0.00000	0.00000
PH0171-C	PF0025-C	894	0.9206	-1.94851e+03	3	0.000	0	0.00000	0.00000	0.00000
PH0171-C	PF0028-C	922	0.9469	-1.89141e+03	3	0.000	0	0.00000	0.00000	0.00000
PH0171-C	PF0031-C	972	0.9424	-1.97878e+03	3	0.000	0	0.00000	0.00000	0.00000
PH0171-C	PF0032-C	708	0.9350	-1.46542e+03	3	0.000	0	0.00000	0.00000	0.00000
PH0171-C	PF0035-C	1008	0.9296	-2.06402e+03	3	0.000	0	0.00000	0.00000	0.00000
PH0171-C	PF0037-C	1028	0.9387	-2.06013e+03	3	0.000	0	0.00000	0.00000	0.00000
